12391
12336
12353
12349
12368
12357
12375
12376
12373
12415
12328
12359
12352
12338
12374
12369
12398
12401
12365
12407
12366
12355
12391
12366
12397
12392
12388
12416
12398
12417
12423
12398
12439
12468
12442
12361
12301
12331
12344
12335
12364
12334
12283
12233
12164
12161
12126
12123
12149
12203
12360
12334
12320
12357
12300
12340
12350
12414
12511
12411
12405
12369
12289
12331
12272
12220
12208
12125
12148
12182
12181
12203
12150
12138
12127
12088
12153
12120
12172
12187
12137
12246
12233
12221
12253
12204
12226
12260
12205
12240
12183
12197
12203
12159
12181
12143
12138
12182
12179
12209
12192
12184
12211
12186
12214
12221
12195
12245
12205
12251
12244
12193
12206
12187
12153
12211
12164
12215
12189
12166
12212
12165
12188
12182
12122
12157
12164
12190
12223
12178
12227
12218
12213
12245
12196
12227
12207
12222
12261
12200
12200
12222
12160
12214
12169
12161
12205
12153
12183
12218
12174
12212
12163
12187
12235
12181
12224
12163
12175
12209
12180
12198
12170
12157
12170
12157
12184
12166
12152
12202
12162
12234
12232
12193
12247
12196
12189
12219
12180
12217
12202
12172
12235
12191
12228
12231
12170
12193
12187
12188
12214
12166
12187
12167
12166
12190
12164
12184
12181
12203